Read 13 nodes and 16 elements 

Coordinates Array: 
-1  -1  1  -1  1  1  -1  1  0  0  0  -1  -1  0  -0.5  -0.5  1  0  0.5  -0.5  0  1  0.5  0.5  -0.5  0.5  

Connectivity Array: 
0  5  7  1  9  5  4  7  9  5  9  7  1  8  9  2  11  8  4  9  11  8  11  9  2  10  11  3  12  10  4  11  12  10  12  11  3  6  12  0  7  6  4  12  7  6  7  12  

Global Stiffness matrix is : 
      1       0       0       0       0       0       0       0       0       0       0       0       0
      0       1       0       0       0       0       0       0       0       0       0       0       0
      0       0       1       0       0       0       0       0       0       0       0       0       0
      0       0       0       1       0       0       0       0       0       0       0       0       0
      0       0       0       0  4.0008       0       0 -1.0002       0 -1.0002       0 -1.0002 -1.0002
      0       0       0       0       0       1       0       0       0       0       0       0       0
      0       0       0       0       0       0       1       0       0       0       0       0       0
-1.0002       0       0       0 -1.0002 -1.0002 -1.0002  4.0008       0       0       0       0       0
      0       0       0       0       0       0       0       0       1       0       0       0       0
      0 -1.0002       0       0 -1.0002 -1.0002       0       0 -1.0002  4.0008       0       0       0
      0       0       0       0       0       0       0       0       0       0       1       0       0
      0       0 -1.0002       0 -1.0002       0       0       0 -1.0002       0 -1.0002  4.0008       0
      0       0       0 -1.0002 -1.0002       0 -1.0002       0       0       0 -1.0002       0  4.0008


Global Force Vector is : 
-1
-1
 1
 1
 0
-1
 0
 0
 0
 0
 1
 0
 0


Solution Vector is : 
  -1
  -1
   1
   1
   0
  -1
   0
-0.5
   0
-0.5
   1
 0.5
 0.5
