Read 41 nodes and 64 elements 

Coordinates Array: 
-1  -1  1  -1  1  1  -1  1  0  0  0  -1  -1  0  -0.5  -0.5  1  0  0.5  -0.5  0  1  0.5  0.5  -0.5  0.5  -0.5  -1  -1  -0.5  -0.75  -0.75  0.5  -1  1  -0.5  0.75  -0.75  1  0.5  0.5  1  0.75  0.75  -1  0.5  -0.5  1  -0.75  0.75  -0.25  -0.25  0.25  -0.25  0.25  0.25  -0.25  0.25  -0.25  -0.75  0.25  -0.75  -0.75  -0.25  -0.75  0.25  0  -0.5  -0.5  0  0.75  -0.25  0.75  0.25  0.5  0  0.25  0.75  -0.25  0.75  0  0.5  

Connectivity Array: 
0  13  15  5  29  13  7  15  29  13  29  15  1  18  16  9  30  18  5  16  30  18  30  16  4  25  26  7  33  25  9  26  33  25  33  26  5  30  29  9  33  30  7  29  33  30  33  29  1  17  18  8  35  17  9  18  35  17  35  18  2  21  19  11  36  21  8  19  36  21  36  19  4  26  27  9  37  26  11  27  37  26  37  27  8  36  35  11  37  36  9  35  37  36  37  35  2  20  21  10  38  20  11  21  38  20  38  21  3  24  23  12  39  24  10  23  39  24  39  23  4  27  28  11  40  27  12  28  40  27  40  28  10  39  38  12  40  39  11  38  40  39  40  38  3  22  24  6  32  22  12  24  32  22  32  24  0  15  14  7  31  15  6  14  31  15  31  14  4  28  25  12  34  28  7  25  34  28  34  25  6  31  32  7  34  31  12  32  34  31  34  32  

Global Stiffness matrix is : 
      1       0       0       0       0       0       0       0       0       0       0       0       0       0       0       0       0       0       0       0       0       0       0       0       0       0       0       0       0       0       0       0       0       0       0       0       0       0       0       0       0
      0       1       0       0       0       0       0       0       0       0       0       0       0       0       0       0       0       0       0       0       0       0       0       0       0       0       0       0       0       0       0       0       0       0       0       0       0       0       0       0       0
      0       0       1       0       0       0       0       0       0       0       0       0       0       0       0       0       0       0       0       0       0       0       0       0       0       0       0       0       0       0       0       0       0       0       0       0       0       0       0       0       0
      0       0       0       1       0       0       0       0       0       0       0       0       0       0       0       0       0       0       0       0       0       0       0       0       0       0       0       0       0       0       0       0       0       0       0       0       0       0       0       0       0
      0       0       0       0  4.0008       0       0       0       0       0       0       0       0       0       0       0       0       0       0       0       0       0       0       0       0 -1.0002 -1.0002 -1.0002 -1.0002       0       0       0       0       0       0       0       0       0       0       0       0
      0       0       0       0       0       1       0       0       0       0       0       0       0       0       0       0       0       0       0       0       0       0       0       0       0       0       0       0       0       0       0       0       0       0       0       0       0       0       0       0       0
      0       0       0       0       0       0       1       0       0       0       0       0       0       0       0       0       0       0       0       0       0       0       0       0       0       0       0       0       0       0       0       0       0       0       0       0       0       0       0       0       0
      0       0       0       0       0       0       0  4.0008       0       0       0       0       0       0       0 -1.0002       0       0       0       0       0       0       0       0       0 -1.0002       0       0       0 -1.0002       0 -1.0002       0       0       0       0       0       0       0       0       0
      0       0       0       0       0       0       0       0       1       0       0       0       0       0       0       0       0       0       0       0       0       0       0       0       0       0       0       0       0       0       0       0       0       0       0       0       0       0       0       0       0
      0       0       0       0       0       0       0       0       0  4.0008       0       0       0       0       0       0       0       0 -1.0002       0       0       0       0       0       0       0 -1.0002       0       0       0 -1.0002       0       0       0       0 -1.0002       0       0       0       0       0
      0       0       0       0       0       0       0       0       0       0       1       0       0       0       0       0       0       0       0       0       0       0       0       0       0       0       0       0       0       0       0       0       0       0       0       0       0       0       0       0       0
      0       0       0       0       0       0       0       0       0       0       0  4.0008       0       0       0       0       0       0       0       0       0 -1.0002       0       0       0       0       0 -1.0002       0       0       0       0       0       0       0       0 -1.0002       0 -1.0002       0       0
      0       0       0       0       0       0       0       0       0       0       0       0  4.0008       0       0       0       0       0       0       0       0       0       0       0 -1.0002       0       0       0 -1.0002       0       0       0 -1.0002       0       0       0       0       0       0 -1.0002       0
      0       0       0       0       0       0       0       0       0       0       0       0       0       1       0       0       0       0       0       0       0       0       0       0       0       0       0       0       0       0       0       0       0       0       0       0       0       0       0       0       0
      0       0       0       0       0       0       0       0       0       0       0       0       0       0       1       0       0       0       0       0       0       0       0       0       0       0       0       0       0       0       0       0       0       0       0       0       0       0       0       0       0
-1.0002       0       0       0       0       0       0 -1.0002       0       0       0       0       0 -1.0002 -1.0002  4.0008       0       0       0       0       0       0       0       0       0       0       0       0       0       0       0       0       0       0       0       0       0       0       0       0       0
      0       0       0       0       0       0       0       0       0       0       0       0       0       0       0       0       1       0       0       0       0       0       0       0       0       0       0       0       0       0       0       0       0       0       0       0       0       0       0       0       0
      0       0       0       0       0       0       0       0       0       0       0       0       0       0       0       0       0       1       0       0       0       0       0       0       0       0       0       0       0       0       0       0       0       0       0       0       0       0       0       0       0
      0 -1.0002       0       0       0       0       0       0       0 -1.0002       0       0       0       0       0       0 -1.0002 -1.0002  4.0008       0       0       0       0       0       0       0       0       0       0       0       0       0       0       0       0       0       0       0       0       0       0
      0       0       0       0       0       0       0       0       0       0       0       0       0       0       0       0       0       0       0       1       0       0       0       0       0       0       0       0       0       0       0       0       0       0       0       0       0       0       0       0       0
      0       0       0       0       0       0       0       0       0       0       0       0       0       0       0       0       0       0       0       0       1       0       0       0       0       0       0       0       0       0       0       0       0       0       0       0       0       0       0       0       0
      0       0 -1.0002       0       0       0       0       0       0       0       0 -1.0002       0       0       0       0       0       0       0 -1.0002 -1.0002  4.0008       0       0       0       0       0       0       0       0       0       0       0       0       0       0       0       0       0       0       0
      0       0       0       0       0       0       0       0       0       0       0       0       0       0       0       0       0       0       0       0       0       0       1       0       0       0       0       0       0       0       0       0       0       0       0       0       0       0       0       0       0
      0       0       0       0       0       0       0       0       0       0       0       0       0       0       0       0       0       0       0       0       0       0       0       1       0       0       0       0       0       0       0       0       0       0       0       0       0       0       0       0       0
      0       0       0 -1.0002       0       0       0       0       0       0       0       0 -1.0002       0       0       0       0       0       0       0       0       0 -1.0002 -1.0002  4.0008       0       0       0       0       0       0       0       0       0       0       0       0       0       0       0       0
      0       0       0       0 -1.0002       0       0 -1.0002       0       0       0       0       0       0       0       0       0       0       0       0       0       0       0       0       0  4.0008       0       0       0       0       0       0       0 -1.0002 -1.0002       0       0       0       0       0       0
      0       0       0       0 -1.0002       0       0       0       0 -1.0002       0       0       0       0       0       0       0       0       0       0       0       0       0       0       0       0  4.0008       0       0       0       0       0       0 -1.0002       0       0       0 -1.0002       0       0       0
      0       0       0       0 -1.0002       0       0       0       0       0       0 -1.0002       0       0       0       0       0       0       0       0       0       0       0       0       0       0       0  4.0008       0       0       0       0       0       0       0       0       0 -1.0002       0       0 -1.0002
      0       0       0       0 -1.0002       0       0       0       0       0       0       0 -1.0002       0       0       0       0       0       0       0       0       0       0       0       0       0       0       0  4.0008       0       0       0       0       0 -1.0002       0       0       0       0       0 -1.0002
      0       0       0       0       0 -1.0002       0 -1.0002       0       0       0       0       0 -1.0002       0       0       0       0       0       0       0       0       0       0       0       0       0       0       0  4.0008       0       0       0 -1.0002       0       0       0       0       0       0       0
      0       0       0       0       0 -1.0002       0       0       0 -1.0002       0       0       0       0       0       0 -1.0002       0       0       0       0       0       0       0       0       0       0       0       0       0  4.0008       0       0 -1.0002       0       0       0       0       0       0       0
      0       0       0       0       0       0 -1.0002 -1.0002       0       0       0       0       0       0 -1.0002       0       0       0       0       0       0       0       0       0       0       0       0       0       0       0       0  4.0008       0       0 -1.0002       0       0       0       0       0       0
      0       0       0       0       0       0 -1.0002       0       0       0       0       0 -1.0002       0       0       0       0       0       0       0       0       0 -1.0002       0       0       0       0       0       0       0       0       0  4.0008       0 -1.0002       0       0       0       0       0       0
      0       0       0       0       0       0       0       0       0       0       0       0       0       0       0       0       0       0       0       0       0       0       0       0       0 -1.0002 -1.0002       0       0 -1.0002 -1.0002       0       0  4.0008       0       0       0       0       0       0       0
      0       0       0       0       0       0       0       0       0       0       0       0       0       0       0       0       0       0       0       0       0       0       0       0       0 -1.0002       0       0 -1.0002       0       0 -1.0002 -1.0002       0  4.0008       0       0       0       0       0       0
      0       0       0       0       0       0       0       0 -1.0002 -1.0002       0       0       0       0       0       0       0 -1.0002       0       0       0       0       0       0       0       0       0       0       0       0       0       0       0       0       0  4.0008       0 -1.0002       0       0       0
      0       0       0       0       0       0       0       0 -1.0002       0       0 -1.0002       0       0       0       0       0       0       0 -1.0002       0       0       0       0       0       0       0       0       0       0       0       0       0       0       0       0  4.0008 -1.0002       0       0       0
      0       0       0       0       0       0       0       0       0       0       0       0       0       0       0       0       0       0       0       0       0       0       0       0       0       0 -1.0002 -1.0002       0       0       0       0       0       0       0 -1.0002 -1.0002  4.0008       0       0       0
      0       0       0       0       0       0       0       0       0       0 -1.0002 -1.0002       0       0       0       0       0       0       0       0 -1.0002       0       0       0       0       0       0       0       0       0       0       0       0       0       0       0       0       0  4.0008       0 -1.0002
      0       0       0       0       0       0       0       0       0       0 -1.0002       0 -1.0002       0       0       0       0       0       0       0       0       0       0 -1.0002       0       0       0       0       0       0       0       0       0       0       0       0       0       0       0  4.0008 -1.0002
      0       0       0       0       0       0       0       0       0       0       0       0       0       0       0       0       0       0       0       0       0       0       0       0       0       0       0 -1.0002 -1.0002       0       0       0       0       0       0       0       0       0 -1.0002 -1.0002  4.0008


Global Force Vector is : 
0
0
0
0
0
0
0
0
0
0
0
0
0
0
0
0
0
0
0
0
0
0
0
0
0
0
0
0
0
0
0
0
0
0
0
0
0
0
0
0
0


Solution Vector is : 
-0
-0
-0
-0
 0
-0
-0
 0
-0
 0
-0
 0
 0
 0
 0
 0
 0
 0
 0
 0
 0
 0
 0
 0
 0
 0
 0
 0
 0
 0
 0
 0
 0
 0
 0
 0
 0
 0
 0
 0
 0
